# Lab_4 
##30 variant 
###Ввод: 
Введите число K = 2 
Введите чётное число N = 6 
Вывод:  
A =  
10 1 -3 -9 7 -1  
-9 4 -6 -7 -6 2  
3 4 5 8 10 -2  
7 -9 10 -7 -10 1  
10 7 -5 -9 -9 -5  
-3 9 -10 4 -3 -2  
 
F =  
-9 7 -1 10 1 -3  
-7 -6 2 -9 4 -6  
8 10 -2 3 4 5  
7 -9 10 -7 -10 1  
10 7 -5 -9 -9 -5  
-3 9 -10 4 -3 -2  
 
result1 = К*A(T)
20 -18 6 14 20 -6 
2 8 8 -18 14 18 
-6 -12 10 20 -10 -20 
-18 -14 16 -14 -18 8 
14 -12 20 -20 -18 -6 
-2 4 -4 2 -10 -4 

result2 = F+А
1 8 -4 1 8 -4 
-16 -2 -4 -16 -2 -4 
11 14 3 11 14 3 
14 -18 20 -14 -20 2 
20 14 -10 -18 -18 -10 
-6 18 -20 8 -6 -4 

result3 = K*F(T)
-18 -14 16 14 20 -6 
14 -12 20 -18 14 18 
-2 4 -4 20 -10 -20 
20 -18 6 -14 -18 8 
2 8 8 -20 -18 -6 
-6 -12 10 2 -10 -4 

result4 = (К*A(T))*(F+А)
1006 200 210 -230 -324 -138 
-118 956 -876 106 112 -264 
496 -744 1002 36 16 322 
-222 252 -84 966 664 296 
-178 416 -48 982 1176 216 
-258 -328 200 10 84 100 

result5 = (К*A(T))*(F+А)-K*F(T)
1024 214 194 -244 -344 -132 
-132 968 -896 124 98 -282 
498 -748 1006 16 26 342 
-242 270 -90 980 682 288 
-180 408 -56 1002 1194 222 
-252 -316 190 8 94 104 

Время выполнения программы: 0.005500316619873047 секунд.
